16 16
1717 1437 1532 1869 1613 1634 1679 1441 1706 1647 1521 1462 1503 1689 1676 1576
1766 1486 1581 1918 1662 1683 1728 1490 1755 1696 1570 1511 1552 1738 1725 1625
1610 1330 1425 1762 1506 1527 1572 1334 1599 1540 1414 1355 1396 1582 1569 1469
1634 1354 1449 1786 1530 1551 1596 1358 1623 1564 1438 1379 1420 1606 1593 1493
1656 1376 1471 1808 1552 1573 1618 1380 1645 1586 1460 1401 1442 1628 1615 1515
1816 1536 1631 1968 1712 1733 1778 1540 1805 1746 1620 1561 1602 1788 1775 1675
1795 1515 1610 1947 1691 1712 1757 1519 1784 1725 1599 1540 1581 1767 1754 1654
1619 1339 1434 1771 1515 1536 1581 1343 1608 1549 1423 1364 1405 1591 1578 1478
1667 1387 1482 1819 1563 1584 1629 1391 1656 1597 1471 1412 1453 1639 1626 1526
1675 1395 1490 1827 1571 1592 1637 1399 1664 1605 1479 1420 1461 1647 1634 1534
1685 1405 1500 1837 1581 1602 1647 1409 1674 1615 1489 1430 1471 1657 1644 1544
1774 1494 1589 1926 1670 1691 1736 1498 1763 1704 1578 1519 1560 1746 1733 1633
1816 1536 1631 1968 1712 1733 1778 1540 1805 1746 1620 1561 1602 1788 1775 1675
1722 1442 1537 1874 1618 1639 1684 1446 1711 1652 1526 1467 1508 1694 1681 1581
1704 1424 1519 1856 1600 1621 1666 1428 1693 1634 1508 1449 1490 1676 1663 1563
1611 1331 1426 1763 1507 1528 1573 1335 1600 1541 1415 1356 1397 1583 1570 1470