32 32
2891 3177 2805 3292 3191 3077 3260 2991 3117 3084 2941 3355 3093 3528 3169 2950 3305 3300 3173 3325 3173 3101 3286 3081 2995 3259 3333 3175 3130 3283 2942 3106
3042 3328 2956 3443 3342 3228 3411 3142 3268 3235 3092 3506 3244 3679 3320 3101 3456 3451 3324 3476 3324 3252 3437 3232 3146 3410 3484 3326 3281 3434 3093 3257
2965 3251 2879 3366 3265 3151 3334 3065 3191 3158 3015 3429 3167 3602 3243 3024 3379 3374 3247 3399 3247 3175 3360 3155 3069 3333 3407 3249 3204 3357 3016 3180
3077 3363 2991 3478 3377 3263 3446 3177 3303 3270 3127 3541 3279 3714 3355 3136 3491 3486 3359 3511 3359 3287 3472 3267 3181 3445 3519 3361 3316 3469 3128 3292
2799 3085 2713 3200 3099 2985 3168 2899 3025 2992 2849 3263 3001 3436 3077 2858 3213 3208 3081 3233 3081 3009 3194 2989 2903 3167 3241 3083 3038 3191 2850 3014
2914 3200 2828 3315 3214 3100 3283 3014 3140 3107 2964 3378 3116 3551 3192 2973 3328 3323 3196 3348 3196 3124 3309 3104 3018 3282 3356 3198 3153 3306 2965 3129
2987 3273 2901 3388 3287 3173 3356 3087 3213 3180 3037 3451 3189 3624 3265 3046 3401 3396 3269 3421 3269 3197 3382 3177 3091 3355 3429 3271 3226 3379 3038 3202
2908 3194 2822 3309 3208 3094 3277 3008 3134 3101 2958 3372 3110 3545 3186 2967 3322 3317 3190 3342 3190 3118 3303 3098 3012 3276 3350 3192 3147 3300 2959 3123
2912 3198 2826 3313 3212 3098 3281 3012 3138 3105 2962 3376 3114 3549 3190 2971 3326 3321 3194 3346 3194 3122 3307 3102 3016 3280 3354 3196 3151 3304 2963 3127
2807 3093 2721 3208 3107 2993 3176 2907 3033 3000 2857 3271 3009 3444 3085 2866 3221 3216 3089 3241 3089 3017 3202 2997 2911 3175 3249 3091 3046 3199 2858 3022
2761 3047 2675 3162 3061 2947 3130 2861 2987 2954 2811 3225 2963 3398 3039 2820 3175 3170 3043 3195 3043 2971 3156 2951 2865 3129 3203 3045 3000 3153 2812 2976
2851 3137 2765 3252 3151 3037 3220 2951 3077 3044 2901 3315 3053 3488 3129 2910 3265 3260 3133 3285 3133 3061 3246 3041 2955 3219 3293 3135 3090 3243 2902 3066
2795 3081 2709 3196 3095 2981 3164 2895 3021 2988 2845 3259 2997 3432 3073 2854 3209 3204 3077 3229 3077 3005 3190 2985 2899 3163 3237 3079 3034 3187 2846 3010
3101 3387 3015 3502 3401 3287 3470 3201 3327 3294 3151 3565 3303 3738 3379 3160 3515 3510 3383 3535 3383 3311 3496 3291 3205 3469 3543 3385 3340 3493 3152 3316
2824 3110 2738 3225 3124 3010 3193 2924 3050 3017 2874 3288 3026 3461 3102 2883 3238 3233 3106 3258 3106 3034 3219 3014 2928 3192 3266 3108 3063 3216 2875 3039
2833 3119 2747 3234 3133 3019 3202 2933 3059 3026 2883 3297 3035 3470 3111 2892 3247 3242 3115 3267 3115 3043 3228 3023 2937 3201 3275 3117 3072 3225 2884 3048
2873 3159 2787 3274 3173 3059 3242 2973 3099 3066 2923 3337 3075 3510 3151 2932 3287 3282 3155 3307 3155 3083 3268 3063 2977 3241 3315 3157 3112 3265 2924 3088
2837 3123 2751 3238 3137 3023 3206 2937 3063 3030 2887 3301 3039 3474 3115 2896 3251 3246 3119 3271 3119 3047 3232 3027 2941 3205 3279 3121 3076 3229 2888 3052
2747 3033 2661 3148 3047 2933 3116 2847 2973 2940 2797 3211 2949 3384 3025 2806 3161 3156 3029 3181 3029 2957 3142 2937 2851 3115 3189 3031 2986 3139 2798 2962
2899 3185 2813 3300 3199 3085 3268 2999 3125 3092 2949 3363 3101 3536 3177 2958 3313 3308 3181 3333 3181 3109 3294 3089 3003 3267 3341 3183 3138 3291 2950 3114
2789 3075 2703 3190 3089 2975 3158 2889 3015 2982 2839 3253 2991 3426 3067 2848 3203 3198 3071 3223 3071 2999 3184 2979 2893 3157 3231 3073 3028 3181 2840 3004
2965 3251 2879 3366 3265 3151 3334 3065 3191 3158 3015 3429 3167 3602 3243 3024 3379 3374 3247 3399 3247 3175 3360 3155 3069 3333 3407 3249 3204 3357 3016 3180
2946 3232 2860 3347 3246 3132 3315 3046 3172 3139 2996 3410 3148 3583 3224 3005 3360 3355 3228 3380 3228 3156 3341 3136 3050 3314 3388 3230 3185 3338 2997 3161
2604 2890 2518 3005 2904 2790 2973 2704 2830 2797 2654 3068 2806 3241 2882 2663 3018 3013 2886 3038 2886 2814 2999 2794 2708 2972 3046 2888 2843 2996 2655 2819
2964 3250 2878 3365 3264 3150 3333 3064 3190 3157 3014 3428 3166 3601 3242 3023 3378 3373 3246 3398 3246 3174 3359 3154 3068 3332 3406 3248 3203 3356 3015 3179
2878 3164 2792 3279 3178 3064 3247 2978 3104 3071 2928 3342 3080 3515 3156 2937 3292 3287 3160 3312 3160 3088 3273 3068 2982 3246 3320 3162 3117 3270 2929 3093
2433 2719 2347 2834 2733 2619 2802 2533 2659 2626 2483 2897 2635 3070 2711 2492 2847 2842 2715 2867 2715 2643 2828 2623 2537 2801 2875 2717 2672 2825 2484 2648
2718 3004 2632 3119 3018 2904 3087 2818 2944 2911 2768 3182 2920 3355 2996 2777 3132 3127 3000 3152 3000 2928 3113 2908 2822 3086 3160 3002 2957 3110 2769 2933
2953 3239 2867 3354 3253 3139 3322 3053 3179 3146 3003 3417 3155 3590 3231 3012 3367 3362 3235 3387 3235 3163 3348 3143 3057 3321 3395 3237 3192 3345 3004 3168
2961 3247 2875 3362 3261 3147 3330 3061 3187 3154 3011 3425 3163 3598 3239 3020 3375 3370 3243 3395 3243 3171 3356 3151 3065 3329 3403 3245 3200 3353 3012 3176
2796 3082 2710 3197 3096 2982 3165 2896 3022 2989 2846 3260 2998 3433 3074 2855 3210 3205 3078 3230 3078 3006 3191 2986 2900 3164 3238 3080 3035 3188 2847 3011
2801 3087 2715 3202 3101 2987 3170 2901 3027 2994 2851 3265 3003 3438 3079 2860 3215 3210 3083 3235 3083 3011 3196 2991 2905 3169 3243 3085 3040 3193 2852 3016