64 64
6559 6558 6106 6674 6644 6843 6342 6467 6642 6420 6476 6448 6441 6819 6435 6695 6444 6537 6507 6751 6603 6570 6532 6667 6939 6243 6531 6052 6415 6557 6754 6723 6120 6413 6333 6579 6408 6752 6388 6327 6507 6534 6343 6501 6201 6207 6411 6733 6737 6840 6448 6678 6499 6388 6514 6733 6420 6437 6156 6776 6394 6625 6862 6741
6358 6357 5905 6473 6443 6642 6141 6266 6441 6219 6275 6247 6240 6618 6234 6494 6243 6336 6306 6550 6402 6369 6331 6466 6738 6042 6330 5851 6214 6356 6553 6522 5919 6212 6132 6378 6207 6551 6187 6126 6306 6333 6142 6300 6000 6006 6210 6532 6536 6639 6247 6477 6298 6187 6313 6532 6219 6236 5955 6575 6193 6424 6661 6540
6773 6772 6320 6888 6858 7057 6556 6681 6856 6634 6690 6662 6655 7033 6649 6909 6658 6751 6721 6965 6817 6784 6746 6881 7153 6457 6745 6266 6629 6771 6968 6937 6334 6627 6547 6793 6622 6966 6602 6541 6721 6748 6557 6715 6415 6421 6625 6947 6951 7054 6662 6892 6713 6602 6728 6947 6634 6651 6370 6990 6608 6839 7076 6955
6206 6205 5753 6321 6291 6490 5989 6114 6289 6067 6123 6095 6088 6466 6082 6342 6091 6184 6154 6398 6250 6217 6179 6314 6586 5890 6178 5699 6062 6204 6401 6370 5767 6060 5980 6226 6055 6399 6035 5974 6154 6181 5990 6148 5848 5854 6058 6380 6384 6487 6095 6325 6146 6035 6161 6380 6067 6084 5803 6423 6041 6272 6509 6388
6667 6666 6214 6782 6752 6951 6450 6575 6750 6528 6584 6556 6549 6927 6543 6803 6552 6645 6615 6859 6711 6678 6640 6775 7047 6351 6639 6160 6523 6665 6862 6831 6228 6521 6441 6687 6516 6860 6496 6435 6615 6642 6451 6609 6309 6315 6519 6841 6845 6948 6556 6786 6607 6496 6622 6841 6528 6545 6264 6884 6502 6733 6970 6849
6240 6239 5787 6355 6325 6524 6023 6148 6323 6101 6157 6129 6122 6500 6116 6376 6125 6218 6188 6432 6284 6251 6213 6348 6620 5924 6212 5733 6096 6238 6435 6404 5801 6094 6014 6260 6089 6433 6069 6008 6188 6215 6024 6182 5882 5888 6092 6414 6418 6521 6129 6359 6180 6069 6195 6414 6101 6118 5837 6457 6075 6306 6543 6422
6420 6419 5967 6535 6505 6704 6203 6328 6503 6281 6337 6309 6302 6680 6296 6556 6305 6398 6368 6612 6464 6431 6393 6528 6800 6104 6392 5913 6276 6418 6615 6584 5981 6274 6194 6440 6269 6613 6249 6188 6368 6395 6204 6362 6062 6068 6272 6594 6598 6701 6309 6539 6360 6249 6375 6594 6281 6298 6017 6637 6255 6486 6723 6602
6672 6671 6219 6787 6757 6956 6455 6580 6755 6533 6589 6561 6554 6932 6548 6808 6557 6650 6620 6864 6716 6683 6645 6780 7052 6356 6644 6165 6528 6670 6867 6836 6233 6526 6446 6692 6521 6865 6501 6440 6620 6647 6456 6614 6314 6320 6524 6846 6850 6953 6561 6791 6612 6501 6627 6846 6533 6550 6269 6889 6507 6738 6975 6854
6169 6168 5716 6284 6254 6453 5952 6077 6252 6030 6086 6058 6051 6429 6045 6305 6054 6147 6117 6361 6213 6180 6142 6277 6549 5853 6141 5662 6025 6167 6364 6333 5730 6023 5943 6189 6018 6362 5998 5937 6117 6144 5953 6111 5811 5817 6021 6343 6347 6450 6058 6288 6109 5998 6124 6343 6030 6047 5766 6386 6004 6235 6472 6351
6450 6449 5997 6565 6535 6734 6233 6358 6533 6311 6367 6339 6332 6710 6326 6586 6335 6428 6398 6642 6494 6461 6423 6558 6830 6134 6422 5943 6306 6448 6645 6614 6011 6304 6224 6470 6299 6643 6279 6218 6398 6425 6234 6392 6092 6098 6302 6624 6628 6731 6339 6569 6390 6279 6405 6624 6311 6328 6047 6667 6285 6516 6753 6632
6560 6559 6107 6675 6645 6844 6343 6468 6643 6421 6477 6449 6442 6820 6436 6696 6445 6538 6508 6752 6604 6571 6533 6668 6940 6244 6532 6053 6416 6558 6755 6724 6121 6414 6334 6580 6409 6753 6389 6328 6508 6535 6344 6502 6202 6208 6412 6734 6738 6841 6449 6679 6500 6389 6515 6734 6421 6438 6157 6777 6395 6626 6863 6742
6033 6032 5580 6148 6118 6317 5816 5941 6116 5894 5950 5922 5915 6293 5909 6169 5918 6011 5981 6225 6077 6044 6006 6141 6413 5717 6005 5526 5889 6031 6228 6197 5594 5887 5807 6053 5882 6226 5862 5801 5981 6008 5817 5975 5675 5681 5885 6207 6211 6314 5922 6152 5973 5862 5988 6207 5894 5911 5630 6250 5868 6099 6336 6215
6601 6600 6148 6716 6686 6885 6384 6509 6684 6462 6518 6490 6483 6861 6477 6737 6486 6579 6549 6793 6645 6612 6574 6709 6981 6285 6573 6094 6457 6599 6796 6765 6162 6455 6375 6621 6450 6794 6430 6369 6549 6576 6385 6543 6243 6249 6453 6775 6779 6882 6490 6720 6541 6430 6556 6775 6462 6479 6198 6818 6436 6667 6904 6783
6148 6147 5695 6263 6233 6432 5931 6056 6231 6009 6065 6037 6030 6408 6024 6284 6033 6126 6096 6340 6192 6159 6121 6256 6528 5832 6120 5641 6004 6146 6343 6312 5709 6002 5922 6168 5997 6341 5977 5916 6096 6123 5932 6090 5790 5796 6000 6322 6326 6429 6037 6267 6088 5977 6103 6322 6009 6026 5745 6365 5983 6214 6451 6330
6544 6543 6091 6659 6629 6828 6327 6452 6627 6405 6461 6433 6426 6804 6420 6680 6429 6522 6492 6736 6588 6555 6517 6652 6924 6228 6516 6037 6400 6542 6739 6708 6105 6398 6318 6564 6393 6737 6373 6312 6492 6519 6328 6486 6186 6192 6396 6718 6722 6825 6433 6663 6484 6373 6499 6718 6405 6422 6141 6761 6379 6610 6847 6726
6446 6445 5993 6561 6531 6730 6229 6354 6529 6307 6363 6335 6328 6706 6322 6582 6331 6424 6394 6638 6490 6457 6419 6554 6826 6130 6418 5939 6302 6444 6641 6610 6007 6300 6220 6466 6295 6639 6275 6214 6394 6421 6230 6388 6088 6094 6298 6620 6624 6727 6335 6565 6386 6275 6401 6620 6307 6324 6043 6663 6281 6512 6749 6628
6471 6470 6018 6586 6556 6755 6254 6379 6554 6332 6388 6360 6353 6731 6347 6607 6356 6449 6419 6663 6515 6482 6444 6579 6851 6155 6443 5964 6327 6469 6666 6635 6032 6325 6245 6491 6320 6664 6300 6239 6419 6446 6255 6413 6113 6119 6323 6645 6649 6752 6360 6590 6411 6300 6426 6645 6332 6349 6068 6688 6306 6537 6774 6653
6492 6491 6039 6607 6577 6776 6275 6400 6575 6353 6409 6381 6374 6752 6368 6628 6377 6470 6440 6684 6536 6503 6465 6600 6872 6176 6464 5985 6348 6490 6687 6656 6053 6346 6266 6512 6341 6685 6321 6260 6440 6467 6276 6434 6134 6140 6344 6666 6670 6773 6381 6611 6432 6321 6447 6666 6353 6370 6089 6709 6327 6558 6795 6674
6710 6709 6257 6825 6795 6994 6493 6618 6793 6571 6627 6599 6592 6970 6586 6846 6595 6688 6658 6902 6754 6721 6683 6818 7090 6394 6682 6203 6566 6708 6905 6874 6271 6564 6484 6730 6559 6903 6539 6478 6658 6685 6494 6652 6352 6358 6562 6884 6888 6991 6599 6829 6650 6539 6665 6884 6571 6588 6307 6927 6545 6776 7013 6892
6401 6400 5948 6516 6486 6685 6184 6309 6484 6262 6318 6290 6283 6661 6277 6537 6286 6379 6349 6593 6445 6412 6374 6509 6781 6085 6373 5894 6257 6399 6596 6565 5962 6255 6175 6421 6250 6594 6230 6169 6349 6376 6185 6343 6043 6049 6253 6575 6579 6682 6290 6520 6341 6230 6356 6575 6262 6279 5998 6618 6236 6467 6704 6583
6345 6344 5892 6460 6430 6629 6128 6253 6428 6206 6262 6234 6227 6605 6221 6481 6230 6323 6293 6537 6389 6356 6318 6453 6725 6029 6317 5838 6201 6343 6540 6509 5906 6199 6119 6365 6194 6538 6174 6113 6293 6320 6129 6287 5987 5993 6197 6519 6523 6626 6234 6464 6285 6174 6300 6519 6206 6223 5942 6562 6180 6411 6648 6527
6275 6274 5822 6390 6360 6559 6058 6183 6358 6136 6192 6164 6157 6535 6151 6411 6160 6253 6223 6467 6319 6286 6248 6383 6655 5959 6247 5768 6131 6273 6470 6439 5836 6129 6049 6295 6124 6468 6104 6043 6223 6250 6059 6217 5917 5923 6127 6449 6453 6556 6164 6394 6215 6104 6230 6449 6136 6153 5872 6492 6110 6341 6578 6457
6569 6568 6116 6684 6654 6853 6352 6477 6652 6430 6486 6458 6451 6829 6445 6705 6454 6547 6517 6761 6613 6580 6542 6677 6949 6253 6541 6062 6425 6567 6764 6733 6130 6423 6343 6589 6418 6762 6398 6337 6517 6544 6353 6511 6211 6217 6421 6743 6747 6850 6458 6688 6509 6398 6524 6743 6430 6447 6166 6786 6404 6635 6872 6751
6157 6156 5704 6272 6242 6441 5940 6065 6240 6018 6074 6046 6039 6417 6033 6293 6042 6135 6105 6349 6201 6168 6130 6265 6537 5841 6129 5650 6013 6155 6352 6321 5718 6011 5931 6177 6006 6350 5986 5925 6105 6132 5941 6099 5799 5805 6009 6331 6335 6438 6046 6276 6097 5986 6112 6331 6018 6035 5754 6374 5992 6223 6460 6339
6494 6493 6041 6609 6579 6778 6277 6402 6577 6355 6411 6383 6376 6754 6370 6630 6379 6472 6442 6686 6538 6505 6467 6602 6874 6178 6466 5987 6350 6492 6689 6658 6055 6348 6268 6514 6343 6687 6323 6262 6442 6469 6278 6436 6136 6142 6346 6668 6672 6775 6383 6613 6434 6323 6449 6668 6355 6372 6091 6711 6329 6560 6797 6676
6237 6236 5784 6352 6322 6521 6020 6145 6320 6098 6154 6126 6119 6497 6113 6373 6122 6215 6185 6429 6281 6248 6210 6345 6617 5921 6209 5730 6093 6235 6432 6401 5798 6091 6011 6257 6086 6430 6066 6005 6185 6212 6021 6179 5879 5885 6089 6411 6415 6518 6126 6356 6177 6066 6192 6411 6098 6115 5834 6454 6072 6303 6540 6419
6085 6084 5632 6200 6170 6369 5868 5993 6168 5946 6002 5974 5967 6345 5961 6221 5970 6063 6033 6277 6129 6096 6058 6193 6465 5769 6057 5578 5941 6083 6280 6249 5646 5939 5859 6105 5934 6278 5914 5853 6033 6060 5869 6027 5727 5733 5937 6259 6263 6366 5974 6204 6025 5914 6040 6259 5946 5963 5682 6302 5920 6151 6388 6267
6352 6351 5899 6467 6437 6636 6135 6260 6435 6213 6269 6241 6234 6612 6228 6488 6237 6330 6300 6544 6396 6363 6325 6460 6732 6036 6324 5845 6208 6350 6547 6516 5913 6206 6126 6372 6201 6545 6181 6120 6300 6327 6136 6294 5994 6000 6204 6526 6530 6633 6241 6471 6292 6181 6307 6526 6213 6230 5949 6569 6187 6418 6655 6534
6378 6377 5925 6493 6463 6662 6161 6286 6461 6239 6295 6267 6260 6638 6254 6514 6263 6356 6326 6570 6422 6389 6351 6486 6758 6062 6350 5871 6234 6376 6573 6542 5939 6232 6152 6398 6227 6571 6207 6146 6326 6353 6162 6320 6020 6026 6230 6552 6556 6659 6267 6497 6318 6207 6333 6552 6239 6256 5975 6595 6213 6444 6681 6560
6492 6491 6039 6607 6577 6776 6275 6400 6575 6353 6409 6381 6374 6752 6368 6628 6377 6470 6440 6684 6536 6503 6465 6600 6872 6176 6464 5985 6348 6490 6687 6656 6053 6346 6266 6512 6341 6685 6321 6260 6440 6467 6276 6434 6134 6140 6344 6666 6670 6773 6381 6611 6432 6321 6447 6666 6353 6370 6089 6709 6327 6558 6795 6674
6190 6189 5737 6305 6275 6474 5973 6098 6273 6051 6107 6079 6072 6450 6066 6326 6075 6168 6138 6382 6234 6201 6163 6298 6570 5874 6162 5683 6046 6188 6385 6354 5751 6044 5964 6210 6039 6383 6019 5958 6138 6165 5974 6132 5832 5838 6042 6364 6368 6471 6079 6309 6130 6019 6145 6364 6051 6068 5787 6407 6025 6256 6493 6372
5874 5873 5421 5989 5959 6158 5657 5782 5957 5735 5791 5763 5756 6134 5750 6010 5759 5852 5822 6066 5918 5885 5847 5982 6254 5558 5846 5367 5730 5872 6069 6038 5435 5728 5648 5894 5723 6067 5703 5642 5822 5849 5658 5816 5516 5522 5726 6048 6052 6155 5763 5993 5814 5703 5829 6048 5735 5752 5471 6091 5709 5940 6177 6056
6449 6448 5996 6564 6534 6733 6232 6357 6532 6310 6366 6338 6331 6709 6325 6585 6334 6427 6397 6641 6493 6460 6422 6557 6829 6133 6421 5942 6305 6447 6644 6613 6010 6303 6223 6469 6298 6642 6278 6217 6397 6424 6233 6391 6091 6097 6301 6623 6627 6730 6338 6568 6389 6278 6404 6623 6310 6327 6046 6666 6284 6515 6752 6631
6260 6259 5807 6375 6345 6544 6043 6168 6343 6121 6177 6149 6142 6520 6136 6396 6145 6238 6208 6452 6304 6271 6233 6368 6640 5944 6232 5753 6116 6258 6455 6424 5821 6114 6034 6280 6109 6453 6089 6028 6208 6235 6044 6202 5902 5908 6112 6434 6438 6541 6149 6379 6200 6089 6215 6434 6121 6138 5857 6477 6095 6326 6563 6442
6885 6884 6432 7000 6970 7169 6668 6793 6968 6746 6802 6774 6767 7145 6761 7021 6770 6863 6833 7077 6929 6896 6858 6993 7265 6569 6857 6378 6741 6883 7080 7049 6446 6739 6659 6905 6734 7078 6714 6653 6833 6860 6669 6827 6527 6533 6737 7059 7063 7166 6774 7004 6825 6714 6840 7059 6746 6763 6482 7102 6720 6951 7188 7067
6442 6441 5989 6557 6527 6726 6225 6350 6525 6303 6359 6331 6324 6702 6318 6578 6327 6420 6390 6634 6486 6453 6415 6550 6822 6126 6414 5935 6298 6440 6637 6606 6003 6296 6216 6462 6291 6635 6271 6210 6390 6417 6226 6384 6084 6090 6294 6616 6620 6723 6331 6561 6382 6271 6397 6616 6303 6320 6039 6659 6277 6508 6745 6624
6306 6305 5853 6421 6391 6590 6089 6214 6389 6167 6223 6195 6188 6566 6182 6442 6191 6284 6254 6498 6350 6317 6279 6414 6686 5990 6278 5799 6162 6304 6501 6470 5867 6160 6080 6326 6155 6499 6135 6074 6254 6281 6090 6248 5948 5954 6158 6480 6484 6587 6195 6425 6246 6135 6261 6480 6167 6184 5903 6523 6141 6372 6609 6488
6572 6571 6119 6687 6657 6856 6355 6480 6655 6433 6489 6461 6454 6832 6448 6708 6457 6550 6520 6764 6616 6583 6545 6680 6952 6256 6544 6065 6428 6570 6767 6736 6133 6426 6346 6592 6421 6765 6401 6340 6520 6547 6356 6514 6214 6220 6424 6746 6750 6853 6461 6691 6512 6401 6527 6746 6433 6450 6169 6789 6407 6638 6875 6754
6415 6414 5962 6530 6500 6699 6198 6323 6498 6276 6332 6304 6297 6675 6291 6551 6300 6393 6363 6607 6459 6426 6388 6523 6795 6099 6387 5908 6271 6413 6610 6579 5976 6269 6189 6435 6264 6608 6244 6183 6363 6390 6199 6357 6057 6063 6267 6589 6593 6696 6304 6534 6355 6244 6370 6589 6276 6293 6012 6632 6250 6481 6718 6597
6531 6530 6078 6646 6616 6815 6314 6439 6614 6392 6448 6420 6413 6791 6407 6667 6416 6509 6479 6723 6575 6542 6504 6639 6911 6215 6503 6024 6387 6529 6726 6695 6092 6385 6305 6551 6380 6724 6360 6299 6479 6506 6315 6473 6173 6179 6383 6705 6709 6812 6420 6650 6471 6360 6486 6705 6392 6409 6128 6748 6366 6597 6834 6713
6559 6558 6106 6674 6644 6843 6342 6467 6642 6420 6476 6448 6441 6819 6435 6695 6444 6537 6507 6751 6603 6570 6532 6667 6939 6243 6531 6052 6415 6557 6754 6723 6120 6413 6333 6579 6408 6752 6388 6327 6507 6534 6343 6501 6201 6207 6411 6733 6737 6840 6448 6678 6499 6388 6514 6733 6420 6437 6156 6776 6394 6625 6862 6741
6452 6451 5999 6567 6537 6736 6235 6360 6535 6313 6369 6341 6334 6712 6328 6588 6337 6430 6400 6644 6496 6463 6425 6560 6832 6136 6424 5945 6308 6450 6647 6616 6013 6306 6226 6472 6301 6645 6281 6220 6400 6427 6236 6394 6094 6100 6304 6626 6630 6733 6341 6571 6392 6281 6407 6626 6313 6330 6049 6669 6287 6518 6755 6634
6533 6532 6080 6648 6618 6817 6316 6441 6616 6394 6450 6422 6415 6793 6409 6669 6418 6511 6481 6725 6577 6544 6506 6641 6913 6217 6505 6026 6389 6531 6728 6697 6094 6387 6307 6553 6382 6726 6362 6301 6481 6508 6317 6475 6175 6181 6385 6707 6711 6814 6422 6652 6473 6362 6488 6707 6394 6411 6130 6750 6368 6599 6836 6715
6230 6229 5777 6345 6315 6514 6013 6138 6313 6091 6147 6119 6112 6490 6106 6366 6115 6208 6178 6422 6274 6241 6203 6338 6610 5914 6202 5723 6086 6228 6425 6394 5791 6084 6004 6250 6079 6423 6059 5998 6178 6205 6014 6172 5872 5878 6082 6404 6408 6511 6119 6349 6170 6059 6185 6404 6091 6108 5827 6447 6065 6296 6533 6412
6240 6239 5787 6355 6325 6524 6023 6148 6323 6101 6157 6129 6122 6500 6116 6376 6125 6218 6188 6432 6284 6251 6213 6348 6620 5924 6212 5733 6096 6238 6435 6404 5801 6094 6014 6260 6089 6433 6069 6008 6188 6215 6024 6182 5882 5888 6092 6414 6418 6521 6129 6359 6180 6069 6195 6414 6101 6118 5837 6457 6075 6306 6543 6422
6113 6112 5660 6228 6198 6397 5896 6021 6196 5974 6030 6002 5995 6373 5989 6249 5998 6091 6061 6305 6157 6124 6086 6221 6493 5797 6085 5606 5969 6111 6308 6277 5674 5967 5887 6133 5962 6306 5942 5881 6061 6088 5897 6055 5755 5761 5965 6287 6291 6394 6002 6232 6053 5942 6068 6287 5974 5991 5710 6330 5948 6179 6416 6295
6523 6522 6070 6638 6608 6807 6306 6431 6606 6384 6440 6412 6405 6783 6399 6659 6408 6501 6471 6715 6567 6534 6496 6631 6903 6207 6495 6016 6379 6521 6718 6687 6084 6377 6297 6543 6372 6716 6352 6291 6471 6498 6307 6465 6165 6171 6375 6697 6701 6804 6412 6642 6463 6352 6478 6697 6384 6401 6120 6740 6358 6589 6826 6705
6375 6374 5922 6490 6460 6659 6158 6283 6458 6236 6292 6264 6257 6635 6251 6511 6260 6353 6323 6567 6419 6386 6348 6483 6755 6059 6347 5868 6231 6373 6570 6539 5936 6229 6149 6395 6224 6568 6204 6143 6323 6350 6159 6317 6017 6023 6227 6549 6553 6656 6264 6494 6315 6204 6330 6549 6236 6253 5972 6592 6210 6441 6678 6557
6346 6345 5893 6461 6431 6630 6129 6254 6429 6207 6263 6235 6228 6606 6222 6482 6231 6324 6294 6538 6390 6357 6319 6454 6726 6030 6318 5839 6202 6344 6541 6510 5907 6200 6120 6366 6195 6539 6175 6114 6294 6321 6130 6288 5988 5994 6198 6520 6524 6627 6235 6465 6286 6175 6301 6520 6207 6224 5943 6563 6181 6412 6649 6528
6204 6203 5751 6319 6289 6488 5987 6112 6287 6065 6121 6093 6086 6464 6080 6340 6089 6182 6152 6396 6248 6215 6177 6312 6584 5888 6176 5697 6060 6202 6399 6368 5765 6058 5978 6224 6053 6397 6033 5972 6152 6179 5988 6146 5846 5852 6056 6378 6382 6485 6093 6323 6144 6033 6159 6378 6065 6082 5801 6421 6039 6270 6507 6386
6312 6311 5859 6427 6397 6596 6095 6220 6395 6173 6229 6201 6194 6572 6188 6448 6197 6290 6260 6504 6356 6323 6285 6420 6692 5996 6284 5805 6168 6310 6507 6476 5873 6166 6086 6332 6161 6505 6141 6080 6260 6287 6096 6254 5954 5960 6164 6486 6490 6593 6201 6431 6252 6141 6267 6486 6173 6190 5909 6529 6147 6378 6615 6494
6275 6274 5822 6390 6360 6559 6058 6183 6358 6136 6192 6164 6157 6535 6151 6411 6160 6253 6223 6467 6319 6286 6248 6383 6655 5959 6247 5768 6131 6273 6470 6439 5836 6129 6049 6295 6124 6468 6104 6043 6223 6250 6059 6217 5917 5923 6127 6449 6453 6556 6164 6394 6215 6104 6230 6449 6136 6153 5872 6492 6110 6341 6578 6457
6046 6045 5593 6161 6131 6330 5829 5954 6129 5907 5963 5935 5928 6306 5922 6182 5931 6024 5994 6238 6090 6057 6019 6154 6426 5730 6018 5539 5902 6044 6241 6210 5607 5900 5820 6066 5895 6239 5875 5814 5994 6021 5830 5988 5688 5694 5898 6220 6224 6327 5935 6165 5986 5875 6001 6220 5907 5924 5643 6263 5881 6112 6349 6228
6174 6173 5721 6289 6259 6458 5957 6082 6257 6035 6091 6063 6056 6434 6050 6310 6059 6152 6122 6366 6218 6185 6147 6282 6554 5858 6146 5667 6030 6172 6369 6338 5735 6028 5948 6194 6023 6367 6003 5942 6122 6149 5958 6116 5816 5822 6026 6348 6352 6455 6063 6293 6114 6003 6129 6348 6035 6052 5771 6391 6009 6240 6477 6356
6272 6271 5819 6387 6357 6556 6055 6180 6355 6133 6189 6161 6154 6532 6148 6408 6157 6250 6220 6464 6316 6283 6245 6380 6652 5956 6244 5765 6128 6270 6467 6436 5833 6126 6046 6292 6121 6465 6101 6040 6220 6247 6056 6214 5914 5920 6124 6446 6450 6553 6161 6391 6212 6101 6227 6446 6133 6150 5869 6489 6107 6338 6575 6454
6466 6465 6013 6581 6551 6750 6249 6374 6549 6327 6383 6355 6348 6726 6342 6602 6351 6444 6414 6658 6510 6477 6439 6574 6846 6150 6438 5959 6322 6464 6661 6630 6027 6320 6240 6486 6315 6659 6295 6234 6414 6441 6250 6408 6108 6114 6318 6640 6644 6747 6355 6585 6406 6295 6421 6640 6327 6344 6063 6683 6301 6532 6769 6648
6348 6347 5895 6463 6433 6632 6131 6256 6431 6209 6265 6237 6230 6608 6224 6484 6233 6326 6296 6540 6392 6359 6321 6456 6728 6032 6320 5841 6204 6346 6543 6512 5909 6202 6122 6368 6197 6541 6177 6116 6296 6323 6132 6290 5990 5996 6200 6522 6526 6629 6237 6467 6288 6177 6303 6522 6209 6226 5945 6565 6183 6414 6651 6530
6335 6334 5882 6450 6420 6619 6118 6243 6418 6196 6252 6224 6217 6595 6211 6471 6220 6313 6283 6527 6379 6346 6308 6443 6715 6019 6307 5828 6191 6333 6530 6499 5896 6189 6109 6355 6184 6528 6164 6103 6283 6310 6119 6277 5977 5983 6187 6509 6513 6616 6224 6454 6275 6164 6290 6509 6196 6213 5932 6552 6170 6401 6638 6517
6128 6127 5675 6243 6213 6412 5911 6036 6211 5989 6045 6017 6010 6388 6004 6264 6013 6106 6076 6320 6172 6139 6101 6236 6508 5812 6100 5621 5984 6126 6323 6292 5689 5982 5902 6148 5977 6321 5957 5896 6076 6103 5912 6070 5770 5776 5980 6302 6306 6409 6017 6247 6068 5957 6083 6302 5989 6006 5725 6345 5963 6194 6431 6310
6389 6388 5936 6504 6474 6673 6172 6297 6472 6250 6306 6278 6271 6649 6265 6525 6274 6367 6337 6581 6433 6400 6362 6497 6769 6073 6361 5882 6245 6387 6584 6553 5950 6243 6163 6409 6238 6582 6218 6157 6337 6364 6173 6331 6031 6037 6241 6563 6567 6670 6278 6508 6329 6218 6344 6563 6250 6267 5986 6606 6224 6455 6692 6571
6567 6566 6114 6682 6652 6851 6350 6475 6650 6428 6484 6456 6449 6827 6443 6703 6452 6545 6515 6759 6611 6578 6540 6675 6947 6251 6539 6060 6423 6565 6762 6731 6128 6421 6341 6587 6416 6760 6396 6335 6515 6542 6351 6509 6209 6215 6419 6741 6745 6848 6456 6686 6507 6396 6522 6741 6428 6445 6164 6784 6402 6633 6870 6749
6440 6439 5987 6555 6525 6724 6223 6348 6523 6301 6357 6329 6322 6700 6316 6576 6325 6418 6388 6632 6484 6451 6413 6548 6820 6124 6412 5933 6296 6438 6635 6604 6001 6294 6214 6460 6289 6633 6269 6208 6388 6415 6224 6382 6082 6088 6292 6614 6618 6721 6329 6559 6380 6269 6395 6614 6301 6318 6037 6657 6275 6506 6743 6622
6576 6575 6123 6691 6661 6860 6359 6484 6659 6437 6493 6465 6458 6836 6452 6712 6461 6554 6524 6768 6620 6587 6549 6684 6956 6260 6548 6069 6432 6574 6771 6740 6137 6430 6350 6596 6425 6769 6405 6344 6524 6551 6360 6518 6218 6224 6428 6750 6754 6857 6465 6695 6516 6405 6531 6750 6437 6454 6173 6793 6411 6642 6879 6758
6812 6811 6359 6927 6897 7096 6595 6720 6895 6673 6729 6701 6694 7072 6688 6948 6697 6790 6760 7004 6856 6823 6785 6920 7192 6496 6784 6305 6668 6810 7007 6976 6373 6666 6586 6832 6661 7005 6641 6580 6760 6787 6596 6754 6454 6460 6664 6986 6990 7093 6701 6931 6752 6641 6767 6986 6673 6690 6409 7029 6647 6878 7115 6994